word
mimp
mind
miqk
migz
nidz
nidj
nips
nisp
nisk
nift
namp
nand
naqk
nagz
nadz
nadj
naps
nasp
nask
naft
narg
nard
narp
nars
narv
nump
nund
nuqk
nugz
nudz
nudj
nups
nusp
nusk
nuft
nurg
nurd
nurp
nurs
nurv
gind
giqk
gigz
gidz
gidj
gips
gisp
gisk
gift
gamp
gand
gaqk
gagz
gadz
gadj
gaps
gasp
gask
gaft
garg
gard
garp
gars
garv
gump
gund
guqk
gugz
gudz
gudj
gups
gusp
gusk
guft
gurg
gurd
gurp
gurs
gurv
dimp
dind
diqk
digz
didz
didj
dips
disp
disk
dift
damp
dand
daqk
dagz
dadz
dadj
daps
dasp
dask
daft
darg
dard
barp
bars
barv
bump
bund
buqk
bugz
budz
budj
bups
busp
busk
buft
burg
burd
burp
burs
burv
pimp
pind
piqk
pigz
pidz
pidj
pips
pisp
pisk
pift
pamp
pand
paqk
pagz
padz
padj
paps
pasp
pask
paft
parg
pard
tarp
tars
tarv
tump
tund
tuqk
tugz
tudz
tudj
tups
tusp
tusk
tuft
turg
turd
turp
turs
turv
kimp
himp
hind
hiqk
higz
hidz
hidj
hips
hisp
hisk
hift
hamp
hand
haqk
hagz
hadz
hadj
haps
hasp
hask
haft
harg
hard
harp
hars
harv
hump
hund
huqk
hugz
hudz
hudj
hups
husp
husk
huft
hurg
hurd
hurp
hurs
hurv
simp
sind
siqk
sigz
sidz
sidj
sips
sisp
sisk
sift
samp
sand
saqk
sagz
sadz
sadj
saps
sasp
sask
saft
sarg
sard
sarp
sars
sarv
sump
sund
suqk
sugz
sudz
sudj
sups
susp
susk
suft
surg
surd
surp
surs
surv
vimp
vind
viqk
vigz
vidz
vidj
vips
visp
visk
vift
vamp
vand
vaqk
vagz
vadz
vadj
vaps
vasp
vask
vaft
varg
vard
varp
vars
varv
vump
vund
vuqk
vugz
vudz
vudj
vups
vusp
vusk
vuft
vurg
vurd
vurp
vurs
vurv
ximp
xind
xiqk
xigz
xidz
xidj
xips
xisp
xisk
xift
xamp
xand
xaqk
xagz
xadz
xadj
xaps
xasp
xask
xaft
xarg
xard
xarp
xars
xarv
xump
xund
xuqk
xugz
xudz
xudj
xups
xusp
xusk
xuft
xurg
xurd
xurp
xurs
xurv
yimp
yind
yiqk
yigz
yidz
yidj
yips
yisp
yisk
yift
yamp
yand
yaqk
yagz
yadz
yadj
yaps
yasp
yask
yaft
yarg
yard
yarp
yars
yarv
yump
yund
yuqk
yugz
yudz
yudj
yups
yusp
yusk
yuft
yurg
yurd
yurp
yurs
yurv
rimp
rind
riqk
rigz
ridz
ridj
rips
risp
risk
rift
ramp
rand
raqk
ragz
radz
radj
raps
rasp
rask
raft
rarg
rard
rarp
rars
rarv
rump
rund
ruqk
rugz
rudz
rudj
rups
rusp
rusk
ruft
rurg
rurd
rurp
rurs
rurv
wimp
wind
wiqk
wigz
widz
widj
wips
wisp
wisk
wift
wamp
wand
waqk
wagz
wadz
wadj
waps
wasp
wask
waft
warg
ward
warp
wars
warv
wump
wund
wuqk
wugz
wudz
wudj
wups
wusp
wusk
wuft
wurg
wurd
wurp
wurs
wurv
