word
mimp
mind
miqk
midz
midj
mibz
mips
mits
miks
misp
mist
misk
memp
mend
ment
meqk
megz
medz
mebz
meps
mets
meks
mesp
mest
mesk
meft
mand
mant
maqk
magz
madz
madj
mabz
maps
mats
masp
mast
maft
marg
mard
marp
mart
mark
mars
marv
marf
malb
malp
malt
malk
malz
malv
malf
malc
momp
mont
moqk
mogz
modz
modj
mobz
mops
moks
mosp
mosk
moft
morg
morb
morp
mort
mork
morz
morv
morf
mold
molb
molp
molt
molk
mols
molz
molv
molf
molc
mump
mund
munt
mugz
mudz
mudj
muts
muks
must
musk
muft
nimp
nind
nint
niqk
nigz
nidz
nibz
nips
nits
niks
nisp
nist
nisk
nift
nend
nent
neqk
negz
nedz
nedj
nebz
neps
nets
nesp
nest
neft
namp
nant
naqk
nagz
nadz
nadj
nabz
naps
naks
nasp
nask
naft
narg
narb
narp
nart
nark
narz
narv
narf
nald
nalb
nalp
nalt
nalk
nals
nalz
nalv
nalf
nalc
nomp
nond
nont
nogz
nodz
nodj
nots
noks
nost
nosk
noft
nord
norb
norp
nort
nork
nors
norz
norv
norf
nold
nolb
nolp
nolt
nols
nolz
nolv
nolf
nolc
nump
nund
nunt
nuqk
nugz
nudj
nubz
nups
nuts
nuks
nusp
nust
nusk
nuft
gimp
gint
giqk
gigz
gidz
gidj
gibz
gips
giks
gisp
gisk
gift
gemp
gend
gent
gegz
gedz
gedj
gets
geks
gest
gesk
geft
gamp
gand
gant
gaqk
gagz
gadj
gabz
gaps
gats
gaks
gasp
gast
gask
gaft
gard
garb
garp
gart
gars
garz
garv
garf
gald
galb
galp
galk
gals
galz
galv
galc
gomp
gond
goqk
godz
godj
gobz
gops
gots
goks
gosp
gost
gosk
gord
gorb
gorp
gork
gors
gorz
gorv
gold
golb
golt
golk
gols
golz
golf
golc
gump
gund
gunt
guqk
gugz
gudz
gubz
gups
guts
guks
gusp
gust
gusk
guft
dimp
dint
digz
didz
didj
dits
diks
dist
disk
dift
demp
dent
deqk
degz
dedj
debz
deps
dets
deks
desp
dest
desk
deft
damp
daqk
dadz
dadj
dabz
daps
dats
daks
dasp
dast
dask
darg
darb
darp
dark
dars
darz
darv
dalb
dalt
dalk
dals
dalz
dalf
dalc
domp
dont
doqk
dogz
dodz
dobz
dops
dots
doks
dosp
dost
dosk
doft
dorg
dorb
dort
dork
dors
dorz
dorf
dolp
dolt
dolk
dols
dolv
dolf
dunt
duqk
dugz
dudz
dudj
dubz
dups
duts
dusp
dust
duft
bimp
bind
bint
biqk
bigz
bidj
bibz
bips
bits
biks
bisp
bist
bisk
bift
bemp
bend
beqk
bedz
bedj
bebz
beps
bets
beks
besp
best
besk
bamp
band
bant
baqk
bagz
badz
babz
baps
bats
baks
basp
bast
bask
baft
barg
bard
bart
bark
bars
barz
barf
bald
balp
balt
balk
bals
balv
balf
bond
bont
boqk
bogz
bodz
bodj
bobz
bops
bots
bosp
bost
boft
borg
bord
borp
bort
bork
bors
borv
borf
bolp
bolt
bolk
bolz
bolv
bolf
bolc
bump
bunt
buqk
bugz
budz
budj
bubz
bups
buks
busp
busk
buft
pind
piqk
pidz
pidj
pibz
pips
pits
piks
pist
pisk
pend
pent
peqk
pegz
pedz
pebz
peps
pets
peks
pest
pesk
peft
pand
pant
paqk
pagz
padz
padj
pabz
paps
pats
past
paft
parg
pard
part
park
pars
parv
parf
palb
palt
palk
palz
palv
palf
palc
pont
poqk
pogz
podz
podj
pobz
pops
poks
posk
poft
porg
porb
port
pork
porz
porv
porf
pold
polb
polt
polk
pols
polz
polv
polf
polc
pund
punt
pugz
pudz
pudj
puts
puks
pust
pusk
puft
timp
tind
tiqk
tigz
tidz
tibz
tips
tits
tiks
tisp
tisk
tend
teqk
tegz
tedz
tedj
tebz
teps
tets
tesp
tamp
taqk
tagz
tadz
tadj
tabz
taps
taks
tasp
task
targ
tarb
tarp
tark
tarz
tarv
tarf
tald
talb
talp
talk
tals
talz
talv
talf
talc
tomp
tond
togz
todz
todj
tots
toks
tosk
tord
torb
torp
tork
tors
torz
torv
torf
told
tolb
tolp
tols
tolz
tolv
tolf
tolc
tump
tund
tuqk
tugz
tudj
tubz
tups
tuts
tuks
tusp
tusk
kind
kint
kigz
kidz
kidj
kibz
kips
kits
kisp
kist
kift
kemp
kent
kegz
kedz
kedj
kebz
keps
keks
kesp
keft
kamp
kand
kant
kagz
kadz
kadj
kats
kaks
kast
kaft
kard
karb
karp
kart
kars
karz
karv
karf
kald
kalb
kalp
kalt
kals
kalz
kalv
kalf
kalc
komp
kond
kont
kogz
kodj
kobz
kops
kots
koks
kosp
kost
koft
korg
kord
korb
korp
kort
kors
korz
korv
korf
kold
kolb
kolp
kols
kolz
kolv
kolc
kump
kund
kudz
kudj
kubz
kups
kuts
kuks
kusp
kust
himp
hint
hiqk
higz
hidz
hidj
hibz
hips
hiks
hisp
hisk
hift
hemp
hend
hent
hegz
hedz
hedj
hets
heks
hest
hesk
heft
hamp
hand
hant
haqk
hagz
hadj
habz
haps
hats
haks
hasp
hast
hask
haft
harg
hard
harb
harp
hart
hars
harz
harv
harf
hald
halb
halp
halk
hals
halz
halv
halc
homp
hond
hoqk
hodz
hodj
hobz
hops
hots
hoks
hosp
host
hosk
horg
hord
horb
horp
hork
hors
horz
horv
hold
holb
holt
holk
hols
holz
holf
holc
hump
hund
hunt
huqk
hugz
hudz
hubz
hups
huts
huks
husp
hust
husk
huft
simp
sind
sint
sigz
sidz
sidj
sist
sisk
sift
semp
send
sent
seqk
segz
sedj
sebz
sesp
sest
sesk
seft
samp
sand
saqk
sadz
sadj
sabz
sasp
sast
sask
sarg
sard
sarb
sarp
sark
sarz
sarv
sald
salb
salt
salk
salz
salf
salc
somp
sond
sont
soqk
sogz
sodz
sobz
sosp
sost
sosk
soft
sorg
sord
sorb
sort
sork
sorz
sorf
sold
solp
solt
solk
solv
solf
sund
sunt
suqk
sugz
sudz
sudj
subz
susp
sust
suft
zimp
zind
zint
ziqk
zidj
zips
zits
ziks
zisp
zist
zisk
zift
zemp
zend
zeqk
zedj
zeps
zets
zeks
zesp
zest
zesk
zamp
zand
zant
zaqk
zaps
zats
zaks
zasp
zast
zask
zaft
zarg
zard
zarb
zart
zark
zars
zarf
zald
zalp
zalt
zalk
zals
zalv
zalf
zond
zont
zoqk
zodj
zops
zots
zosp
zost
zoft
zorg
zord
zorp
zort
zork
zors
zorv
zorf
zolb
zolp
zolt
zolk
zolv
zolf
zolc
zump
zunt
zuqk
zudj
zups
zuks
zusp
zusk
zuft
vimp
vind
viqk
vidz
vidj
vibz
vips
vits
viks
visp
vist
visk
vemp
vend
vent
veqk
vegz
vedz
vebz
veps
vets
veks
vesp
vest
vesk
veft
vand
vant
vaqk
vagz
vadz
vadj
vabz
vaps
vats
vasp
vast
vaft
varg
vard
varp
vart
vark
vars
varf
valb
valp
valt
valk
valz
valf
valc
vomp
vont
voqk
vogz
vodz
vodj
vobz
vops
voks
vosp
vosk
voft
vorg
vorb
vorp
vort
vork
vorz
vorf
vold
volb
volp
volt
volk
vols
volz
volf
volc
vump
vund
vunt
vugz
vudz
vudj
vuts
vuks
vust
vusk
vuft
fimp
find
fint
fiqk
figz
fidz
fibz
fips
fits
fiks
fisp
fist
fisk
fift
fend
fent
feqk
fegz
fedz
fedj
febz
feps
fets
fesp
fest
feft
famp
fant
faqk
fagz
fadz
fadj
fabz
faps
faks
fasp
fask
faft
farg
farb
farp
fart
fark
farz
farv
fald
falb
falp
falt
falk
fals
falz
falv
falc
fomp
fond
font
fogz
fodz
fodj
fots
foks
fost
fosk
foft
ford
forb
forp
fort
fork
fors
forz
forv
fold
folb
folp
folt
fols
folz
folv
folc
fump
fund
funt
fuqk
fugz
fudj
fubz
fups
futs
fuks
fusp
fust
fusk
fuft
xind
xint
xiqk
xigz
xidz
xidj
xibz
xips
xits
xisp
xist
xift
xemp
xent
xeqk
xegz
xedz
xedj
xebz
xeps
xeks
xesp
xesk
xeft
xamp
xand
xant
xagz
xadz
xadj
xats
xaks
xast
xask
xaft
xard
xarb
xarp
xart
xark
xars
xarz
xarv
xarf
xald
xalb
xalp
xalt
xals
xalz
xalv
xalf
xalc
xomp
xond
xont
xoqk
xogz
xodj
xobz
xops
xots
xoks
xosp
xost
xosk
xoft
xorg
xord
xorb
xorp
xort
xors
xorz
xorv
xorf
xold
xolb
xolp
xolk
xols
xolz
xolv
xolc
xump
xund
xuqk
xudz
xudj
xubz
xups
xuts
xuks
xusp
xust
xusk
jimp
jint
jiqk
jigz
jidz
jibz
jips
jiks
jisp
jisk
jift
jemp
jend
jent
jegz
jedz
jets
jeks
jest
jesk
jeft
jamp
jand
jant
jaqk
jagz
jabz
japs
jats
jaks
jasp
jast
jask
jaft
jarg
jard
jarb
jarp
jart
jars
jarz
jarv
jarf
jald
jalb
jalp
jalk
jals
jalz
jalv
jalc
jomp
jond
joqk
jodz
jobz
jops
jots
joks
josp
jost
josk
jorg
jord
jorb
jorp
jork
jors
jorz
jorv
jold
jolb
jolt
jolk
jols
jolz
jolf
jolc
jump
jund
junt
juqk
jugz
judz
jubz
jups
juts
juks
jusp
just
jusk
juft
Cimp
Cind
Cint
Cigz
Cidz
Cidj
Cits
Ciks
Cist
Cisk
Cift
Cemp
Cend
Cent
Ceqk
Cegz
Cedj
Cebz
Ceps
Cets
Ceks
Cesp
Cest
Cesk
Ceft
Camp
Cand
Caqk
Cadz
Cadj
Cabz
Caps
Cats
Caks
Casp
Cast
Cask
Carg
Card
Carb
Carp
Cark
Cars
Carz
Carv
Cald
Calb
Calt
Calk
Cals
Calz
Calf
Calc
Comp
Cond
Cont
Coqk
Cogz
Codz
Cobz
Cops
Cots
Coks
Cosp
Cost
Cosk
Coft
Corg
Cord
Corb
Cort
Cork
Cors
Corz
Corf
Cold
Colp
Colt
Colk
Cols
Colv
Colf
Cund
Cunt
Cuqk
Cugz
Cudz
Cudj
Cubz
Cups
Cuts
Cusp
Cust
Cuft
cimp
cind
cint
ciqk
cigz
cidj
cibz
cips
cits
ciks
cisp
cist
cisk
cift
cemp
cend
ceqk
cedz
cedj
cebz
ceps
cets
ceks
cesp
cest
cesk
camp
cand
cant
caqk
cagz
cadz
cabz
caps
cats
caks
casp
cast
cask
caft
carg
card
carb
cart
cark
cars
carz
carf
cald
calp
calt
calk
cals
calv
calf
cond
cont
coqk
cogz
codz
codj
cobz
cops
cots
cosp
cost
coft
corg
cord
corp
cort
cork
cors
corv
corf
colb
colp
colt
colk
colz
colv
colf
cump
cunt
cuqk
cugz
cudz
cudj
cubz
cups
cuks
cusp
cusk
cuft
yimp
yind
yiqk
yidz
yidj
yibz
yips
yits
yiks
yisp
yist
yisk
yemp
yend
yent
yeqk
yegz
yedz
yebz
yeps
yets
yeks
yesp
yest
yesk
yeft
yand
yant
yaqk
yagz
yadz
yadj
yabz
yaps
yats
yasp
yast
yaft
yarg
yard
yarp
yart
yark
yars
yarv
yarf
yalb
yalp
yalt
yalk
yalz
yalv
yalf
yalc
yomp
yont
yoqk
yogz
yodz
yodj
yobz
yops
yoks
yosp
yosk
yoft
yorg
yorb
yorp
yort
york
yorz
yorv
yorf
yold
yolb
yolp
yolt
yolk
yols
yolz
yolv
yolf
yolc
yump
yund
yunt
yugz
yudz
yudj
yuts
yuks
yust
yusk
yuft
rimp
rind
rint
riqk
rigz
ridz
ribz
rips
rits
riks
risp
rist
risk
rift
rend
rent
reqk
regz
redz
redj
rebz
reps
rets
resp
rest
reft
ramp
rant
raqk
ragz
radz
radj
rabz
raps
raks
rasp
rask
raft
rarg
rarb
rarp
rart
rark
rarz
rarv
rarf
rald
ralb
ralp
ralt
ralk
rals
ralz
ralv
ralf
ralc
romp
rond
ront
rogz
rodz
rodj
rots
roks
rost
rosk
roft
rord
rorb
rorp
rort
rork
rors
rorz
rorv
rorf
rold
rolb
rolp
rolt
rols
rolz
rolv
rolf
rolc
rump
rund
runt
ruqk
rugz
rudj
rubz
rups
ruts
ruks
rusp
rust
rusk
ruft
lind
lint
liqk
ligz
lidz
lidj
libz
lips
lits
lisp
list
lift
lemp
lent
leqk
legz
ledz
ledj
lebz
leps
leks
lesp
lesk
left
lamp
land
lant
lagz
ladz
ladj
lats
laks
last
lask
laft
lard
larb
larp
lart
lark
lars
larz
larv
larf
lald
lalb
lalp
lalt
lals
lalz
lalv
lalf
lalc
lomp
lond
lont
loqk
logz
lodj
lobz
lops
lots
loks
losp
lost
losk
loft
lorg
lord
lorb
lorp
lort
lors
lorz
lorv
lorf
lold
lolb
lolp
lolk
lols
lolz
lolv
lolc
lump
lund
luqk
ludz
ludj
lubz
lups
luts
luks
lusp
lust
lusk
wimp
wint
wiqk
wigz
widz
widj
wibz
wips
wiks
wisp
wisk
wift
wemp
wend
went
wegz
wedz
wedj
wets
weks
west
wesk
weft
wamp
wand
want
waqk
wagz
wadj
wabz
waps
wats
waks
wasp
wast
wask
waft
warg
ward
warb
warp
wart
wars
warz
warv
warf
wald
walb
walp
walk
wals
walz
walv
walc
womp
wond
woqk
wodz
wodj
wobz
wops
wots
woks
wosp
wost
wosk
worg
word
worb
worp
work
wors
worz
worv
wold
wolb
wolt
wolk
wols
wolz
wolf
wolc
wump
wund
wunt
wuqk
wugz
wudz
wubz
wups
wuts
wuks
wusp
wust
wusk
wuft
